-1.0493222365077095
-1.0711689581357515
-0.8726041887332207
-0.4578246540605703
-0.8426728761688801
0.3379802323890055
-0.022093653956761463
1.2737496518292495
-0.34597512300036404
0.9466128031640617
-0.14833854550261757
0.7941810047516245
-1.4982135685255162
-0.21561496457401258
-0.5807375833003284
0.4450687872412802
-0.928473651065285
1.8481876325462523
-1.821823056561407
-1.1123015207192435
0.3006710607551864
-2.190897962324542
-0.04104360452893303
0.38588065987691267
0.17337419001326812
-0.3214066008956463
-0.7042690886720585
-2.0759542745768207
-1.1762886818372933
-0.1412071204388887
0.6191475016153484
0.7965088166103733
1.5628910406201635
-0.4940863283725408
-0.6035519010446286
-0.1445385098003179
-1.1959447341768308
-0.6282871255614323
0.3447513358068465
-1.238204210605169
0.07232181578711597
-0.8473824292527582
-1.5688986644323646
-0.6625957258896961
-1.1895666168578896
0.11426570661523523
-0.07351299674329095
-0.32413522341306106
-0.13157949282092116
0.5121649186222421
0.39147085223918376
2.0810869020315628
0.5949206019237376
0.8076729386895604
-0.5643113896898566
-1.261821272053292
0.28657057165198274
-0.013130814373807333
-0.521662430722149
0.6025789925990046
0.7722825425111178
-1.4722781439144108
-1.1240695250119017
-0.6324668567824124
1.1087023262207678
0.2629631994667352
-0.18498620822297374
-1.5003645321950658
-0.22571953882722215
-1.2474495537618635
-0.12018686815878156
-0.47003917347871577
-0.664286428080607
1.5499413078783844
0.9729051323481599
0.5038687384570862
-2.2842422997913965
0.36187659140804906
-0.0866896363885619
-1.4126384484277597
0.41635350097022694
-0.6249680095092742
-0.26796901345338137
0.5258559220832442
0.771675810228717
-1.5648892324844088
0.10870610611828774
-1.058497331014205
-0.9578604304271349
0.8402787034418709
0.17991311438924673
-0.5251055085561982
0.0994437480651951
0.4784584919239808
0.40333484697057653
1.627271236577166
-0.8915009717823072
-1.2627370577708774
1.0077664834187379
0.8704120026485624
2.13198580151771
-1.0918417751504172
0.5082868476614734
-0.6778768401984518
1.0906107511946153
1.4405157785347138
-0.46498159618133234
-0.3168611272633208
-1.1898458597323534
-0.29731823406843505
-1.280946985014182
-0.6366813308463027
-0.7385187635176822
-1.1690739778987498
0.3755334901147207
0.7704581248681917
-0.30037914447384345
1.506518392686453
-0.5814824203059529
-0.09258111877486443
0.13878735002597015
-0.08996846941210081
1.5341096704464314
-1.0955169000460832
0.8443754224151379
0.29924416759117467
-1.8086347037986639
0.09136881899583721
-0.1689870362931057
0.6262472939794118
0.539688243844689
0.9136145437935931
0.9801449084643845
-0.3519263263335747
-0.9024841133637496
0.524457866065445
-1.9045075777785867
-2.3810365027750247
3.244962648829248
-0.5470583871887105
-0.34655128694125326
0.18341808542869092
0.08366475921313311
0.6785577813891679
0.23659232265632696
-2.7307134690868007
-0.8043472857348033
-0.3532984928479228
1.813063919306544
0.11127926003458366
-1.752914231239401
-1.68644932969233
0.8442513454032998
-0.6400731886591732
-1.0789322842666265
0.07984876672199741
0.6351154672714493
-0.36710889049305545
1.3626405300740885
-0.11986549531805328
-1.3308902150435784
1.4750782532409286
0.9855690823572355
1.0879332030788553
2.082684870626782
-0.051936731838594985
1.5116435963159864
-0.09221490699803095
-1.4251700353169545
0.10541415406718171
-0.18218997340134613
-0.08576867978636839
-1.1806826304550275
1.0846827012739366
-1.5002298376030982
0.707223848684777
-0.6589541276409807
0.2516035383661472
-0.7415378607545249
0.34767663429584605
0.5154797757431182
-0.43233895045478526
-0.8754833991062151
0.715749540187087
0.30329277372569735
-0.4168656887762129
-0.40422089116409315
0.5603832447475559
-0.4580221955775024
-0.5872558075640666
0.20614065461145328
2.0767602735401054
0.5072266828278752
-1.0590673595638604
0.014231728395286398
0.23526755440069416
-1.637856905783692
0.2766078372292984
0.3009579994700395
-0.31512311751539984
-1.8016262994153056
0.3508412533306992
0.9242583490243972
1.139602123489012
1.4652837914241323
0.627949262115791
0.8519244292398195
1.4146357655343336
-1.8812933332750783
-0.14177987710772558
1.1487533375841459
0.5493258795370343
-0.6059125716157246
1.6176302774223226
1.307873628835953
-0.5986873879360383
1.4908333558748927
0.6454650773958861
0.734575953276038
1.3846459349602003
0.4113142874034444
-0.24798980292623513
-0.6303681202722037
0.6386815319844558
-0.1369882997350672
-0.6133518861875781
-0.03600456807058744
1.250308366292205
-0.3682114558621204
1.3780424150910862
1.2426402137168298
1.5668366535407345
1.3464087569781331
1.3424672105900193
-1.333868653705705
0.6557996576381795
-0.6483769247779694
1.0151751125612873
1.6238445927865826
-1.9222911535917662
-0.23950660369992868
-0.26352425471058616
0.18436902364672894
0.40594337357949206
-0.33122594762125823
-0.9537200460287452
-1.1180219165473233
-0.3078531273490909
-0.013438975058841328
1.2339194983420407
0.9995796599372664
0.40581292031208677
-0.5399925958916281
0.843302088380615
-0.7587902035932175
0.05698510684782436
-0.33846720554046417
-0.3690299098864095
-0.4842062890121874
-1.4570836933871982
1.603888761853385
0.7968794908102821
2.556219781049077
-1.3196662057597797
0.899785897920888
2.4038907719620015
0.024109504506404995
-0.11322740752735341
-0.20948218640156122
0.7010549216397167
-1.2420976060906181
-0.2347702386227885
-1.7673618447796369
0.14115457673933102
0.6112791534181987
0.4832645299244874
1.4213758342738168
-1.2990427634583432
-0.6726456171655962
-0.154374343628207
-0.6166022820138326
2.0239157788109563
-0.5461896928497013
0.6139716693499769
-0.7354933937975204
1.5633077114744833
0.35967823315912045
-0.41940111887753806
-2.495198598644566
-1.1003954399171825
0.9420472101788838
0.6502887856555544
-0.06266860262760363
-0.39040152532367417
-1.7736688373171265
0.3078190375844667
-1.6234381463497
-0.46276994889828793
-0.34911885421677985
0.19016322495081056
0.38948789515518883
0.4530819506131677
-0.2602853999105017
0.38533576451321516
-0.7831677949101759
1.1532976046320833
-1.4593226043094414
9.690063841143149E-4
1.2083292055058932
-0.3892152118759432
-0.3874599140942988
0.15152996036052335
-1.3413237831908844
0.4703057235229832
-1.1051449172866348
-1.220504060779217
0.4203632276987001
0.5358772519590757
0.1525761004546364
0.1740086129641506
0.29347013060752986
0.7898363593335518
-1.2168473849875605
-0.33922581857153195
1.1719713100028009
-0.006955092993695655
-0.997531415901963
-2.0934772211428854
1.177995389755955
-1.8666028019584984
-1.273631654494428
-1.000177736766435
0.46329589596328447
1.8932174203376513
1.170725137107707
0.36146305189060435
-0.8947201487788419
-2.3572154195732424
1.198517307967793
0.7725215544245667
0.4035940282739172
-0.7579933974659586
0.0751063421589864
-0.08819663919336333
0.6585605406301455
-0.5859627637177789
1.1124077247781665
0.3531331584771184
-0.0507353649089443
1.2829755877470144
-0.24735563928867343
2.9149922029174404
0.22862647610028353
0.46914095983475385
0.38483493105863514
-0.013137308650080295
0.7135973068562849
-0.28650560615498055
0.2989700963018278
-0.8888355763135073
-0.31959557410562156
1.144752565575021
0.09928524660030948
-0.3442335759723581
2.0229046228926997
0.3987962736367696
-0.7763424578004504
0.6108236829596309
-0.45279043070540914
-0.2800788914394413
1.0531257567080294
1.201272788533242
-1.5442518453566592
1.1435917696904607
0.24168871994378235
1.081414544344865
-0.9714782640123575
1.4390105776648339
-0.20149949255630006
-0.3251310474810288
1.2858224166292034
0.6205387679954052
0.47956063361486256
-0.5182952937532747
-0.2387549195210927
0.4540156231969266
-0.9135692167707313
0.5899233179561124
1.1442677459511599
-1.1047079798009345
-0.9785464113782973
-1.423238625067836
0.6038228831456919
-0.9839625886980247
0.09869091063190694
-0.07996547799569305
-0.10669923698682926
-1.7790370904204482
0.04539151183378411
0.27431597382096223
-0.059700356732464314
-0.6959730695053755
0.20838886164937664
-0.1001648881379865
-1.4241183261655945
0.6851410343842683
0.40469974176267526
0.016489972256376186
-0.2230139517767202
1.1361048888913297
-0.7665046107707939
-0.26497965076439417
1.8736155591150383
2.1506192756187184
0.4092494142194523
-1.4825819273474838
-0.1460928171965757
-1.2788425013994698
-0.21267012766029808
-0.6581317072303852
0.46277250237869083
-1.6845015119321831
-0.6320588974969618
1.3618914337723744
-0.11646421855637723
-0.33185018847883446
0.33392485838718483
-0.5978234244102925
0.14901917754571295
0.8861179690434386
-0.68537097145548
2.544916696225399
-0.16768397340944644
0.6665802377763087
0.9764827859226703
0.22314117449550658
-0.39240026462281186
0.8018733892921471
-0.7799226100583075
0.6410427991139855
-1.2462146484410406
-0.1782988185460073
-1.3672409592753785
0.4143111260550475
0.4001520457715288
1.6968412198417437
-0.42958378538502967
0.4801577094966871
-0.46731839349412785
-0.7342673265757602
-0.9502292696708798
0.8083734915569423
1.6939616480725648
-1.3123495859139347
2.693040105878286
0.06704838136306553
0.7890181020307142
0.5583653685175213
0.5231296081790665
-0.19925636080348264
-1.129006058735797
0.21621913458772632
0.06241202063192122
0.33486347647162884
-2.048339343219028
-1.7769879784613773
-0.739627454330107
-2.9435978667097187
0.9191811107286615
-0.24232697369979647
1.6718239936556232
-0.9489325509100499
-0.7379077007049921
-2.20683969722455
-0.3344464054194782
0.6492706686663702
0.31814698773895067
-0.020776885026367837
-0.8333759359395208
0.9135864812102517
-0.740798043580506
0.07782815134121959
0.10739335148813432
0.09754056084360486
0.9371709436989581
-0.9851348987349405
0.9306465485533425
-0.2893768263504735
-0.4283342967835941
0.27668984274957603
0.8197633638693121
-1.4178413102888328
0.4869282133408992
-0.42424071677681474
-0.949051076440308
-0.11564923444159005
0.12115950378728516
0.4059918023104889
0.32114144839102
-1.5249633263741686
-1.6761946306152793
-0.641478568491058
-0.8220378939167734
-0.47257773122344854
0.32512486398761975
1.708987520812715
1.1518568724477163
-0.36319785851556274
-0.14703909705562168
0.48350501803886115
-0.9396772888958197
1.056167238339213
-0.19023257539346144
0.2689092933315124
-0.4500652474812943
-1.7906791220457094
-0.7420757202831049
0.05543970704777945
-0.6947078168319475
1.308207268841674
2.567350957221395
-0.9876970795365942
1.3491304225477692
0.6063735515363178
0.8552939573878242
-1.476138447988565
1.9349074243843896
-0.5483111594244608
0.8719120301843649
-1.3265192018732512
2.280985522627762
-0.10361109176791053
-1.2174824688802652
-0.3368304791177177
2.1354513364879173
1.2668528291048533
1.8189495063236472
1.9031177945899656
0.03877277371832744
-0.5751145191641251
0.11237439278719731
1.4216394822324603
0.20347543226733272
-0.7884484623133471
0.49982712852244743
1.3000741978761672
-0.03027316043521359
0.4368572041642894
2.3332470206698512
-1.1018867320422114
-1.315974573206839
-0.869780768639175
0.7394045513596422
-0.5392945897427638
1.8318175597228612
0.1262819882392058
-0.5331468238004511
-1.016740626345568
-0.21819398923878675
1.1879486722730122
-1.4891635961058216
-0.5872096890560876
1.2967713774679464
-2.561354812789723
-0.8560506035839833
-0.2760789532581723
0.4779127696322542
-1.6080059804860638
-2.286285066155352
-0.6745164998585653
-0.44775959018948713
0.20991325590552
-1.7502225938479923
-1.3833888015702254
-1.6852607859269104
-0.432132394274886
0.9237243248265364
-2.0754566342757723
0.9340757843280091
-0.16296712094321095
-1.47032150264615
0.07956131822569666
-0.0436097129362718
-0.3360797912697502
-1.855039728391378
-1.0643154668289816
-1.70502602771726
-1.0821478132007676
-0.5425083948473547
-0.14109173610074655
-1.0945580275562339
1.280338222250287
-1.0995458428184761
-0.14245769175880335
0.17795473527277228
-0.3365939759804239
-0.033417556804799374
0.642893037323742
-0.07544868669504001
0.7018504432301476
1.1363219284854968
-0.4417388922443267
-0.25423699637515396
-0.7850296730537757
2.291269582216365
-1.5567795062592418
0.19888857692077502
-0.3288663421479221
-0.45261617188651143
-1.1257316894458245
-1.3115847225937987
0.56005627188213
0.282179102071167
-2.6102176404911543
1.4055253137101122
-0.7056790498846065
-1.790463903546925
1.0177223258901669
1.3614169650185806
-0.24805175499713053
-1.7580893424267539
-0.051845019986853424
-0.19630712258705485
0.9272753045403594
1.0495046547891482
0.21451564676004012
0.22491978985359581
1.213537560134239
0.8229325442461939
-0.2949383676232352
-1.3848456963452864
1.4378398902768876
-1.7408353182169842
-0.853381759964665
0.6334385315462234
-0.4689708219494477
0.6495880511589822
0.14767995846659568
-1.0027793138479992
1.0098042133259986
-0.23592485681655803
0.27016471041138823
2.064730965976194
-1.3236838727231466
1.1599225350299038
2.6214257190026893
-0.29837711563255204
-0.014007019222299232
-0.803999249339806
-1.0009450105977238
0.34455175421227
-0.269529283724604
-0.5832105794626574
0.3759124339687742
0.41160567694342237
1.6122524698397025
0.367194964587504
-1.966178607756437
0.36143172416810665
0.3797027271929732
0.23511126003664717
1.0971042773704514
0.5556504479036158
0.3632567831555709
0.35948437997283317
-0.07192031633021699
-1.472283971769707
-0.19748791157607692
-0.46744744187546644
-1.9126919676453673
-0.916216430019142
-0.28741387815244895
1.063784782940617
0.15661440076786545
-0.8325336987498941
-2.1925944490110996
-0.22839867242400533
0.730958755451086
-1.10996248984615
-0.07919072615094676
0.3711071039178641
0.6277377123789757
-1.1330407531417996
-1.6829259617080388
1.4648121304602264
0.53581607305346
0.500333704557826
1.456356118335505
0.038999851289179606
-0.008502320155198063
0.8778552174809054
-1.836080251263354
-0.888233643108929
-0.2629756081252354
0.7219329675751568
2.1234442583185746
-0.5171542694127496
0.6678641565810445
0.0748218647415976
0.6788228286359643
0.7708640033929175
-0.09624198822485065
0.38013198722695923
0.4022355526323404
2.3910649115827343
0.8545825608427717
-0.15467863420840278
0.9294209795192039
0.7784619405084505
-0.5019260551431768
0.02159178259508184
-0.8851809551550477
1.5727542394409126
0.09100331112561034
0.01160994423421661
-1.0589737011395093
0.06724650596325463
0.48443562973510657
-0.2096148284393013
-0.40321700685133777
-0.022131493587865973
1.2009376546827901
0.2642192198972466
1.554572883646032
1.0079864170945365
-0.6702700924355864
-1.625480678852191
0.3666489655557003
-1.6406727029236687
0.04961618487743811
1.5838811611047496
-0.5220959467362775
0.9693373481836307
0.9767283908289166
-1.0230280590121963
-0.6037792483310357
-0.344880091267211
-1.2123439717423599
-0.7220850163681392
0.9032077491157963
-0.7030491399850785
0.34176789779307104
0.7555177363380219
0.9947626541730312
-0.27176134266663976
0.22083616099484715
-0.0031224626759814226
-0.5559094484061904
0.06725130309199981
1.0423696864080123
0.07483727660635345
-0.7848563879066842
1.1110902101253801
0.6916844824585644
-1.534571864027437
-2.1257277120637372
-0.6457750314547763
0.3571602330375201
2.2311817306726502
0.8254733819903262
1.1402698566407405
-1.3001482964814184
1.1585682545438594
0.4751030432438583
0.868681226802351
0.3670840484962069
-0.37503485453549584
-1.2869723177367036
-1.1007148039020935
1.0384197752634077
-1.2131005941992823
-2.017109687279731
-0.5613091103023422
1.2992128078244956
2.402766247175656
0.1333370795849007
0.5836866640964503
-0.1781231199147495
-2.816789804454301
1.3092364875746139
-0.22285745569408377
1.6723629010963705
0.736647214730118
-0.957513493498203
0.7268350277752079
0.5485240431098594
1.7690828884890886
-0.03365890362868591
1.2771473316953432
0.47537027052202496
-1.4928909140960047
0.6213641481052629
-0.7102769785886553
-0.8388911010957946
-1.535701834247993
0.9937288546908702
-0.05600722789726755
-0.49549813519381947
-0.6781857339888642
-0.4533668897957738
-0.014592332592492555
0.994587955507395
-0.15287341403337715
0.37771505821181023
-0.29831395620439477
1.036938002132695
0.558832128072145
-0.10400286145703695
0.995567965538849
-0.9820566880129465
-0.3252439867597699
-0.05375871845976008
1.4014891865537145
-0.8088527161841882
-0.8383281115359417
-0.3069609592657592
1.0272604005634678
0.03763436183925028
-0.8080235424476842
0.019067719259214317
-1.5908677225230041
-0.4393694294069621
0.9107313209276326
0.8538847170268753
-0.5350969089228603
-0.1180543014715929
-0.5181426866711331
1.4681727303526235
-0.8623107607682423
0.20253821640497785
0.4794274482758052
0.03821365468791498
1.1148739640349508
0.0412196326805219
2.388130870762204
-0.9322828093701792
0.647197946700856
0.533009550775254
0.19825594306355007
1.7813833047131933
0.09607397018593555
1.3419486250408317
-1.1407306573239044
0.42211247211782493
-0.764083737790962
-0.09828993362705897
-0.22250926132891727
-1.1953281985389852
-0.541539907225455
-1.3533479628375351
1.4645473832612015
-0.6503760706905234
0.9994725935755846
1.5856639437041236
0.1931087067272567
0.5097994283596868
-2.296767749222715
0.9728649932396499
-0.16500430517991443
-1.0259457004191865
0.2805466307713446
1.1094509871059772
-0.5176675476277144
0.5480183869608342
-0.1307551170561445
0.0635553152781411
0.18037674561463443
-2.287748153018107
-0.17085526526326236
0.33725892969820165
0.9917289224855012
1.2382500127174716
-0.9977479464830492
-0.47804675757552045
0.26832779219508335
-1.2323560561720337
-0.4986690818650982
1.487199328078918
0.28130947190167377
2.099795375267837
1.1608513655388908
1.7524728418597422
-0.8509892525106554
-0.37030981006321645
0.697642829149046
0.7854469826537324
0.12278398442937262
-1.1409927587148414
0.300523214070819
-0.7012023470796553
-0.09792083651035402
0.5968808437888569
-1.5022453238725189
0.035157883003481195
-0.9018083994567184
-0.08541827649154056
0.28741559996775234
-0.7048334623579805
0.936770608304644
-0.3354924866442832
2.2653969940341243
0.005810031646096822
-0.02829241681822033
0.7284750419061712
1.6144381753584347
1.1584603844179115
-0.7323587387729877
0.6455487834316035
0.376275744672541
1.3411695634845242
0.03982031514470369
-0.5245396629613084
-1.52485113998259
-0.23505060706603584
0.2548931519544073
-0.3702893451709269
-0.1449343546073355
-0.7057431889873178
-0.4352064932229647
0.10326679556640352
-0.009805241755691606
-1.143600508753104
0.7777466508145017
-0.4946836704257807
-0.9841609794222023
-1.6408386535476516
0.6182639513901581
-1.782105189447955
1.2821946836584275
3.5910759754765196
-0.8294300894919664
0.6411592620246437
1.4047008137820227
-0.5628237904672307
1.7454058539908244
0.1586442292020311
-0.05401354147132981
0.42818941992113496
0.33725159276810446
-0.2151982233081627
-0.6106754967887874
-0.7728823848751982
1.2279757491381846
-1.0278104361797962
1.5039139926483096
-0.6888710104017236
1.6489708612986997
0.2661172756607555
1.5580357372093194
-1.3043020197295572
1.2117920810210512
-0.3068481932151247
-0.23479846585213437
1.4429598560248322
-0.40953314898484067
-0.7242719298873105
-0.006249469900852713
1.3053432421730797
-0.5140625185010382
0.8927974047942455
-1.1097055899864758
-1.3658116067868726
0.1217757124295049
0.3996559703850461
0.2774987754904278
-1.1624218429977349
0.9471342993158609
-0.6151512098375455
-1.18310153610042
0.9987052169712862
-0.4182439848765283
0.525840680613139
0.038212381394820145
-1.6162252565429998
-1.4575662101575655
-2.2718760739487776
-0.04296363488442091
0.8397567284787513
-1.4670711937861525
0.8891827526812689
1.3680688320227914
-0.3887743373232646
-1.109120541837552
-1.080825905353308
-0.3889345403652993
-0.7417744688689191
0.09383373503622158
1.1348677446456226
-0.889113132596043
-2.277636430040117
0.30435456421373114
-0.3353355675443567
-0.9831538561941618
1.3700234643561182
-0.6685201630557212
-1.3921296730594113
-0.7780533629365826
0.3067353748056644
-0.3477029139240202
-0.5590531193675166
