-0.47799999999999954
0.8520000000000015
-0.5039999999999996
0.26800000000000107
0.49200000000000127
-0.28399999999999936
0.5240000000000012
-0.5779999999999996
-0.003999999999999126
0.4380000000000012
-0.1979999999999993
0.6700000000000014
0.5960000000000013
0.018000000000000876
0.33800000000000113
-0.5379999999999996
-0.35599999999999943
0.5500000000000013
-0.6519999999999997
0.5480000000000013
0.8380000000000015
-0.25799999999999934
-0.946
-0.39799999999999947
0.7240000000000014
0.024000000000000882
-0.7539999999999998
-0.08999999999999919
-0.5759999999999996
0.22000000000000106
-0.6339999999999997
-0.944
0.7740000000000015
-0.994
-0.08799999999999919
-0.982
-0.8799999999999999
0.8560000000000015
-0.972
0.9560000000000016
0.44800000000000123
0.05600000000000091
-0.01999999999999913
-0.2079999999999993
0.0480000000000009
-0.2119999999999993
0.014000000000000875
0.6160000000000013
0.9740000000000016
-0.5739999999999996
-0.0939999999999992
0.5660000000000013
-0.6739999999999997
0.8020000000000015
0.3940000000000012
-0.08199999999999918
0.060000000000000914
-0.3019999999999994
0.9460000000000016
-0.9239999999999999
0.8160000000000015
-0.06799999999999917
0.4040000000000012
0.5600000000000013
-0.025999999999999135
-0.7819999999999998
-0.17799999999999927
0.7160000000000014
0.5680000000000013
-0.04199999999999915
0.5880000000000013
0.14000000000000098
0.6220000000000013
0.9180000000000016
-0.26999999999999935
-0.5659999999999996
-0.6439999999999997
0.7120000000000014
-0.5619999999999996
-0.3419999999999994
-0.8939999999999999
0.2740000000000011
0.3320000000000011
0.6280000000000013
0.4200000000000012
0.020000000000000878
0.7960000000000015
0.13000000000000098
-0.14399999999999924
0.6940000000000014
0.7340000000000014
-0.6679999999999997
-0.3319999999999994
0.5560000000000013
0.9480000000000016
0.5580000000000013
-0.05199999999999916
-0.02199999999999913
0.5740000000000013
0.7480000000000014
-0.6299999999999997
-0.7139999999999997
0.46600000000000125
0.148000000000001
-0.992
0.37400000000000116
0.12400000000000097
-0.7959999999999998
0.34600000000000114
-0.36199999999999943
-0.7779999999999998
-0.35799999999999943
-0.06199999999999917
-0.2199999999999993
0.05400000000000091
0.9780000000000016
0.07000000000000092
0.12200000000000097
-0.6039999999999996
-0.6379999999999997
-0.47599999999999953
-0.27599999999999936
0.37000000000000116
0.5440000000000013
-0.8919999999999999
0.6260000000000013
0.49000000000000127
-0.988
-0.7459999999999998
0.6180000000000013
0.7540000000000014
0.20000000000000104
-0.7319999999999998
0.6740000000000014
-0.6119999999999997
-0.3279999999999994
0.5760000000000013
0.12000000000000097
-0.9099999999999999
-0.2959999999999994
-0.8119999999999998
0.7840000000000015
-0.3499999999999994
-0.9019999999999999
-0.8339999999999999
-0.5719999999999996
-0.0919999999999992
-0.40399999999999947
0.22600000000000106
-0.8319999999999999
-0.03199999999999914
-0.8059999999999998
0.3240000000000011
-0.28199999999999936
0.2860000000000011
0.22200000000000106
-0.07399999999999918
0.47200000000000125
0.9100000000000016
-0.8599999999999999
0.0460000000000009
0.6500000000000014
-0.4259999999999995
-0.9279999999999999
-0.38599999999999945
-0.956
-0.48199999999999954
-0.8619999999999999
0.040000000000000896
0.09400000000000094
0.7400000000000014
0.37800000000000117
-0.28999999999999937
0.23000000000000106
-0.8759999999999999
0.18400000000000102
-0.5639999999999996
-0.38799999999999946
-0.15199999999999925
0.6560000000000014
-0.5479999999999996
-0.12199999999999922
0.8640000000000015
-0.23399999999999932
-0.023999999999999133
-0.40199999999999947
-0.5979999999999996
-0.8879999999999999
0.24400000000000108
-0.4099999999999995
0.5140000000000012
0.166000000000001
0.3060000000000011
0.4080000000000012
-0.8899999999999999
-0.4239999999999995
0.5280000000000012
-0.3219999999999994
0.7380000000000014
0.156000000000001
-0.7199999999999998
-0.6079999999999997
-0.4139999999999995
-0.4319999999999995
0.7360000000000014
-0.6179999999999997
0.20800000000000105
0.9440000000000016
0.8880000000000016
0.13200000000000098
-0.18799999999999928
-0.7479999999999998
-0.1999999999999993
0.9720000000000016
0.3300000000000011
0.2880000000000011
0.13400000000000098
0.48800000000000127
0.47600000000000126
0.8660000000000015
0.10000000000000095
0.47400000000000125
0.37200000000000116
-0.38999999999999946
-0.4439999999999995
0.6040000000000013
0.48400000000000126
0.6200000000000013
-0.998
-0.14999999999999925
-0.4599999999999995
0.08400000000000094
0.47000000000000125
-0.4399999999999995
-0.18599999999999928
-0.8639999999999999
0.4440000000000012
-0.8399999999999999
-0.6459999999999997
0.3120000000000011
-0.3079999999999994
0.17400000000000101
-0.8359999999999999
-0.3359999999999994
0.5540000000000013
0.5020000000000012
0.6900000000000014
0.062000000000000915
-0.2999999999999994
0.24200000000000108
0.050000000000000905
-0.8459999999999999
0.48600000000000126
-0.08399999999999919
0.8620000000000015
-0.02999999999999914
0.6620000000000014
-0.94
0.7440000000000014
0.07600000000000093
-0.5419999999999996
0.5700000000000013
0.23400000000000107
-0.39199999999999946
-0.14199999999999924
0.33600000000000113
-0.12999999999999923
-0.7179999999999997
0.7200000000000014
0.3080000000000011
-0.04599999999999915
0.36800000000000116
-0.2239999999999993
-0.6219999999999997
0.6820000000000014
0.9260000000000016
0.7700000000000015
-0.38199999999999945
0.3160000000000011
0.152000000000001
0.9500000000000016
-0.5819999999999996
-0.28799999999999937
0.35800000000000115
0.8440000000000015
-0.978
-0.7659999999999998
0.5160000000000012
-0.39399999999999946
-0.19199999999999928
-0.26399999999999935
-0.4379999999999995
0.07400000000000093
0.9520000000000016
0.3900000000000012
-0.4179999999999995
0.7140000000000014
0.35200000000000115
0.21800000000000105
-0.7899999999999998
0.6580000000000014
0.7460000000000014
0.09200000000000094
0.5320000000000012
-0.7719999999999998
-0.5839999999999996
0.05200000000000091
0.20400000000000104
0.2720000000000011
0.9140000000000016
-0.37799999999999945
0.5340000000000013
-0.7639999999999998
0.24000000000000107
-0.7599999999999998
0.5080000000000012
-0.6939999999999997
0.038000000000000894
0.4960000000000013
-0.3479999999999994
0.19200000000000103
0.2960000000000011
-0.7839999999999998
0.010000000000000875
0.6600000000000014
0.162000000000001
-0.49599999999999955
0.6420000000000013
0.4020000000000012
-0.7099999999999997
-0.5939999999999996
-0.12599999999999922
0.5980000000000013
-0.6579999999999997
-0.5579999999999996
-0.4079999999999995
-0.49199999999999955
-0.4459999999999995
0.36000000000000115
-0.9219999999999999
-0.017999999999999128
-0.049999999999999156
0.10600000000000095
-0.7939999999999998
-0.8299999999999998
0.4340000000000012
0.2780000000000011
0.11400000000000096
0.4320000000000012
-0.6099999999999997
0.030000000000000887
-0.25399999999999934
-0.8859999999999999
-0.015999999999999126
0.6340000000000013
-0.952
-0.6839999999999997
0.9120000000000016
0.26600000000000107
0.26400000000000107
0.5520000000000013
-0.4679999999999995
-0.3519999999999994
0.25000000000000105
0.05800000000000091
0.9920000000000017
-0.15999999999999925
-0.14599999999999924
-0.5899999999999996
-0.4339999999999995
0.9380000000000016
-0.23599999999999932
0.5900000000000013
-0.0999999999999992
0.9840000000000017
-0.8499999999999999
-0.05799999999999916
-0.037999999999999146
-0.958
-0.5599999999999996
-0.4119999999999995
-0.16599999999999926
-0.8959999999999999
-0.013999999999999126
0.35400000000000115
0.8580000000000015
0.9080000000000016
-0.26599999999999935
-0.5079999999999996
0.006000000000000874
-0.7279999999999998
0.6800000000000014
0.2700000000000011
0.9300000000000016
-0.4479999999999995
0.7300000000000014
0.9320000000000016
-0.2159999999999993
0.9800000000000016
0.7500000000000014
0.0020000000000008743
0.2900000000000011
0.03600000000000089
0.8760000000000016
0.008000000000000874
0.10800000000000096
-0.14799999999999924
-0.8819999999999999
0.9240000000000016
-0.0019999999999991257
0.9860000000000017
0.7640000000000015
-0.2099999999999993
0.4160000000000012
-0.49799999999999955
0.8540000000000015
-0.46999999999999953
-0.3539999999999994
0.9700000000000016
-0.5159999999999996
-0.5919999999999996
-0.996
8.743006318923108e-16
-0.3459999999999994
0.9940000000000017
-0.986
0.23600000000000107
0.7780000000000015
0.4400000000000012
-0.6719999999999997
0.6320000000000013
-0.17599999999999927
-0.6419999999999997
0.49400000000000127
-0.3259999999999994
-0.6359999999999997
0.3920000000000012
0.6380000000000013
-0.9059999999999999
-0.7739999999999998
0.4280000000000012
-0.26199999999999934
-0.0959999999999992
-0.6559999999999997
0.172000000000001
0.19800000000000104
-0.938
0.11600000000000096
-0.5119999999999996
0.8180000000000015
-0.7439999999999998
0.8060000000000015
0.45800000000000124
-0.8179999999999998
0.9980000000000017
-0.10799999999999921
-0.5239999999999996
-0.11399999999999921
-0.04399999999999915
0.4260000000000012
-0.22799999999999931
0.25600000000000106
0.9400000000000016
0.12800000000000097
0.20200000000000104
-0.7859999999999998
-0.942
0.7760000000000015
-0.5359999999999996
0.6080000000000013
0.5800000000000013
0.0440000000000009
-0.06599999999999917
-0.26799999999999935
-1.0
0.34200000000000114
0.3260000000000011
0.11800000000000097
0.6120000000000013
0.5620000000000013
-0.98
-0.7619999999999998
-0.011999999999999126
-0.06999999999999917
-0.8259999999999998
-0.5499999999999996
-0.6479999999999997
0.2940000000000011
-0.99
-0.5339999999999996
-0.984
-0.5279999999999996
-0.48799999999999955
-0.5519999999999996
0.6840000000000014
-0.24999999999999933
0.7020000000000014
0.48200000000000126
0.45200000000000123
0.9880000000000017
-0.3179999999999994
0.7820000000000015
-0.8419999999999999
0.5400000000000013
-0.2019999999999993
0.9280000000000016
0.7060000000000014
0.5120000000000012
-0.13399999999999923
-0.7239999999999998
0.6680000000000014
0.11200000000000096
0.4140000000000012
-0.6659999999999997
0.10400000000000095
-0.96
-0.6019999999999996
0.8800000000000016
0.8860000000000016
0.21000000000000105
0.9900000000000017
0.6240000000000013
-0.8539999999999999
-0.47999999999999954
0.8040000000000015
0.9060000000000016
-0.07599999999999918
0.6540000000000014
-0.27799999999999936
-0.24599999999999933
0.48000000000000126
0.08600000000000094
0.46000000000000124
-0.37999999999999945
0.6360000000000013
0.9040000000000016
0.2840000000000011
-0.7519999999999998
0.5180000000000012
-0.8139999999999998
-0.39999999999999947
0.45400000000000124
-0.13599999999999923
0.8200000000000015
-0.3059999999999994
-0.7019999999999997
0.7280000000000014
0.8320000000000015
-0.29199999999999937
0.7000000000000014
0.23200000000000107
-0.6539999999999997
0.5360000000000013
-0.7879999999999998
-0.27199999999999935
0.7260000000000014
-0.11799999999999922
-0.15399999999999925
0.33400000000000113
0.6440000000000013
-0.4539999999999995
0.9960000000000017
0.18600000000000103
-0.3039999999999994
-0.3399999999999994
-0.5299999999999996
0.9540000000000016
0.24600000000000108
0.6780000000000014
-0.3299999999999994
-0.22999999999999932
0.09800000000000095
0.5720000000000013
-0.2979999999999994
-0.25599999999999934
-0.1019999999999992
0.6920000000000014
-0.7079999999999997
0.6880000000000014
-0.36599999999999944
-0.2259999999999993
0.09600000000000095
-0.7339999999999998
-0.17399999999999927
-0.3099999999999994
-0.8679999999999999
0.36200000000000115
-0.948
0.6760000000000014
0.7520000000000014
0.8700000000000015
-0.3119999999999994
-0.4499999999999995
-0.8279999999999998
-0.8039999999999998
-0.6399999999999997
-0.005999999999999126
0.7980000000000015
-0.9079999999999999
0.3000000000000011
0.3100000000000011
-0.6799999999999997
0.4300000000000012
-0.9039999999999999
-0.6899999999999997
0.11000000000000096
0.34800000000000114
0.0420000000000009
0.5260000000000012
-0.19599999999999929
0.35600000000000115
0.25800000000000106
0.37600000000000117
-0.8699999999999999
0.8360000000000015
0.9420000000000016
-0.5799999999999996
-0.047999999999999154
-0.16999999999999926
0.22400000000000106
0.7680000000000015
-0.5879999999999996
0.168000000000001
-0.07799999999999918
0.47800000000000126
-0.17999999999999927
0.5100000000000012
-0.7979999999999998
-0.8099999999999998
0.20600000000000104
0.6520000000000014
-0.18199999999999927
-0.035999999999999144
-0.7419999999999998
0.36400000000000116
-0.16199999999999926
-0.1059999999999992
-0.16799999999999926
0.4220000000000012
0.17800000000000102
-0.7219999999999998
0.8820000000000016
-0.7379999999999998
-0.5259999999999996
-0.5019999999999996
0.2800000000000011
-0.027999999999999137
-0.28599999999999937
0.8000000000000015
-0.7679999999999998
0.6860000000000014
-0.36999999999999944
-0.7399999999999998
-0.8439999999999999
-0.37199999999999944
-0.25999999999999934
0.19600000000000103
0.7720000000000015
-0.0979999999999992
-0.5539999999999996
0.142000000000001
0.7900000000000015
-0.9119999999999999
-0.7259999999999998
0.3280000000000011
-0.15599999999999925
-0.07199999999999918
-0.13999999999999924
0.9820000000000016
-0.47199999999999953
0.5200000000000012
0.9020000000000016
0.21400000000000105
-0.8159999999999998
-0.2139999999999993
0.8900000000000016
-0.8779999999999999
0.7860000000000015
-0.08599999999999919
-0.4199999999999995
0.6640000000000014
0.26200000000000107
0.5220000000000012
0.5460000000000013
-0.4519999999999995
0.146000000000001
-0.4639999999999995
0.6140000000000013
0.9200000000000016
-0.5319999999999996
-0.8739999999999999
0.6000000000000013
-0.6879999999999997
0.2980000000000011
0.23800000000000107
-0.964
-0.6619999999999997
-0.6319999999999997
0.8120000000000015
0.06600000000000092
0.38000000000000117
-0.2939999999999994
0.7320000000000014
-0.2219999999999993
0.4060000000000012
-0.15799999999999925
-0.49999999999999956
0.25400000000000106
-0.954
0.35000000000000114
-0.6639999999999997
-0.38399999999999945
-0.3439999999999994
-0.5399999999999996
0.6460000000000014
-0.11599999999999921
-0.48999999999999955
-0.97
-0.1039999999999992
0.8740000000000016
0.21600000000000105
-0.7759999999999998
-0.36399999999999944
-0.7039999999999997
0.9640000000000016
-0.24799999999999933
0.7560000000000014
0.4420000000000012
0.7100000000000014
-0.3379999999999994
0.4980000000000013
-0.4419999999999995
-0.968
-0.6779999999999997
-0.7499999999999998
-0.962
-0.6959999999999997
-0.9199999999999999
-0.5699999999999996
0.016000000000000875
-0.35999999999999943
0.19000000000000103
-0.24199999999999933
0.8720000000000016
0.8260000000000015
-0.5199999999999996
-0.12399999999999922
0.8300000000000015
0.08800000000000094
0.4000000000000012
-0.9139999999999999
0.4240000000000012
-0.4219999999999995
0.6300000000000013
-0.8659999999999999
-0.5179999999999996
0.3860000000000012
0.5860000000000013
-0.37599999999999945
0.9580000000000016
-0.8239999999999998
0.10200000000000095
0.24800000000000108
0.8500000000000015
-0.7579999999999998
0.7420000000000014
0.7080000000000014
-0.5099999999999996
0.2820000000000011
0.03200000000000089
0.9680000000000016
0.2920000000000011
-0.6059999999999997
0.34400000000000114
0.17600000000000102
0.026000000000000884
0.4120000000000012
-0.10999999999999921
-0.49399999999999955
0.6100000000000013
0.3220000000000011
0.9340000000000016
-0.11199999999999921
0.07200000000000092
-0.2039999999999993
0.18200000000000102
-0.9359999999999999
-0.6259999999999997
-0.4579999999999995
-0.8839999999999999
0.6960000000000014
0.5920000000000013
-0.966
-0.8519999999999999
-0.19399999999999928
0.44600000000000123
-0.7159999999999997
0.22800000000000106
-0.7299999999999998
-0.6239999999999997
-0.4299999999999995
-0.47399999999999953
-0.4279999999999995
-0.24399999999999933
-0.8979999999999999
0.8100000000000015
0.9620000000000016
0.158000000000001
0.3980000000000012
-0.13799999999999923
0.06800000000000092
-0.48399999999999954
-0.6999999999999997
-0.8559999999999999
-0.8579999999999999
-0.18999999999999928
0.3020000000000011
0.9760000000000016
0.5000000000000012
0.7620000000000015
-0.8019999999999998
0.012000000000000875
-0.6699999999999997
-0.5679999999999996
-0.36799999999999944
0.2760000000000011
0.160000000000001
0.13800000000000098
0.7220000000000014
-0.05599999999999916
-0.6919999999999997
-0.48599999999999954
-0.95
0.150000000000001
0.8340000000000015
0.8140000000000015
0.7180000000000014
-0.8379999999999999
0.8600000000000015
0.7880000000000015
-0.6279999999999997
-0.4659999999999995
-0.5439999999999996
0.6660000000000014
-0.06399999999999917
-0.17199999999999926
-0.5559999999999996
0.8920000000000016
0.7800000000000015
0.6980000000000014
0.164000000000001
0.12600000000000097
0.8460000000000015
-0.7919999999999998
0.3960000000000012
-0.7799999999999998
-0.3239999999999994
0.46200000000000124
0.8240000000000015
0.07800000000000093
-0.5999999999999996
0.18000000000000102
-0.9159999999999999
-0.6859999999999997
0.5420000000000013
0.028000000000000885
0.08200000000000093
0.5780000000000013
0.3180000000000011
-0.03999999999999915
-0.37399999999999944
0.34000000000000113
-0.5859999999999996
0.8480000000000015
0.8980000000000016
0.5640000000000013
-0.8199999999999998
-0.7999999999999998
-0.5059999999999996
-0.7699999999999998
-0.9179999999999999
-0.2059999999999993
0.8840000000000016
0.8220000000000015
-0.23999999999999932
0.7580000000000015
0.8420000000000015
0.46800000000000125
0.8780000000000016
-0.7359999999999998
0.6400000000000013
-0.6159999999999997
0.9600000000000016
-0.7559999999999998
-0.6499999999999997
0.5060000000000012
0.6720000000000014
0.6020000000000013
0.5820000000000013
-0.23799999999999932
0.9160000000000016
-0.974
0.7600000000000015
-0.8219999999999998
0.25200000000000106
-0.11999999999999922
-0.4559999999999995
-0.18399999999999928
-0.2179999999999993
0.6480000000000014
-0.976
0.38200000000000117
-0.8719999999999999
-0.9259999999999999
-0.4059999999999995
0.5040000000000012
0.8080000000000015
0.36600000000000116
-0.5219999999999996
-0.07999999999999918
0.9360000000000016
0.3140000000000011
0.45000000000000123
-0.6199999999999997
0.45600000000000124
-0.6599999999999997
0.46400000000000124
0.26000000000000106
0.8940000000000016
0.03400000000000089
-0.8999999999999999
-0.7119999999999997
0.154000000000001
-0.27999999999999936
-0.27399999999999936
0.3200000000000011
0.5380000000000013
-0.7059999999999997
-0.03399999999999914
0.8960000000000016
0.3840000000000012
0.5840000000000013
-0.007999999999999126
0.170000000000001
0.09000000000000094
0.18800000000000103
0.13600000000000098
0.7920000000000015
0.7660000000000015
0.8680000000000015
0.19400000000000103
-0.5459999999999996
0.02200000000000088
0.4100000000000012
0.6060000000000013
0.08000000000000093
0.9220000000000016
-0.009999999999999126
0.5300000000000012
-0.5139999999999996
-0.3159999999999994
0.004000000000000874
-0.3139999999999994
-0.16399999999999926
-0.3339999999999994
0.3880000000000012
-0.4359999999999995
0.3040000000000011
-0.059999999999999165
-0.3199999999999994
0.4180000000000012
0.9000000000000016
-0.4159999999999995
-0.4619999999999995
0.144000000000001
-0.6759999999999997
0.5940000000000013
-0.9299999999999999
-0.23199999999999932
0.8280000000000015
-0.25199999999999934
-0.9339999999999999
-0.5959999999999996
0.7040000000000014
0.06400000000000092
-0.8479999999999999
-0.13199999999999923
-0.39599999999999946
-0.6979999999999997
-0.6139999999999997
-0.9319999999999999
0.21200000000000105
-0.6819999999999997
0.7940000000000015
-0.12799999999999923
0.9660000000000016
0.4360000000000012
-0.8079999999999998
-0.05399999999999916
0.8400000000000015
